243
24
113
158
267
245
124
174
211
68
185
148
252
148
139
65
30
221
161
48
178
237
157
62
51
270
109
189
137
216
7
140
159
137
239
64
151
224
201
194
26
299
229
232
290
188
274
112
92
70
39
176
126
153
131
86
181
254
224
138
44
253
282
266
35
25
217
284
88
113
176
181
21
161
93
163
161
267
137
240
238
23
185
290
250
171
148
237
36
55
3
244
119
227
207
79
285
190
120
86
258
261
104
250
46
249
117
178
272
211
51
13
75
51
241
132
267
29
170
250
220
255
109
66
80
270
265
160
221
144
157
42
17
58
201
69
95
158
148
31
280
128
299
213
176
270
279
181
159
199
159
289
193
158
120
124
159
77
215
145
17
52
21
156
268
101
105
273
281
151
276
30
277
90
255
76
282
32
38
155
31
11
53
76
86
91
187
55
211
71
222
194
181
188
48
247
150
213
111
170
110
49
235
11
235
284
290
160
297
35
245
41
81
215
43
187
38
16
256
287
249
82
122
234
166
74
286
269
299
151
152
54
63
146
183
201
204
195
133
89
71
247
102
24
146
210
24
39
39
179
236
18
291
172
180
255
112
39
169
192
75
1
123
270
240
52
295
250
285
127
192
134
244
160
115
61
133
94
245
294
178
93
268
168
111
225
167
233
30
77
30
270
163
99
79
128
149
59
137
218
68
228
4
24
49
93
273
199
223
19
91
49
171
187
18
108
97
60
286
29
119
273
60
115
224
23
138
143
151
222
298
282
145
235
173
48
106
48
235
37
170
143
202
67
195
207
264
13
239
154
1
232
268
174
243
187
100
151
178
170
71
27
8
210
146
287
279
178
275
149
106
221
194
3
81
194
22
255
215
253
